1
100 0
1
150 0
1
200 0
1
250 0
1
300 1
1
350 1
1
400 1
1
450 1
1
500 1
1
550 2
1
600 2
1
650 2
1
700 2
1
750 2
1
800 2
1
850 3
1
900 3
1
950 3
1
1000 3
1
1050 3
1
1100 3
1
1150 0
1
1200 0
1
1250 0
1
1300 0
1
1350 1
1
1400 1
1
1450 1
1
1500 1
1
1550 1
1
1600 2
1
1650 2
1
1700 2
1
1750 2
1
1800 2
1
1850 2
1
1900 3
1
1950 3
1
2000 3
1
2050 3
1
2100 3
1
2150 3
1
2200 0
1
2250 0
1
2300 0
1
2350 0
1
2400 1
1
2450 1
1
2500 1
1
2550 1
1
2600 1
2
3
